1 7
1 14
2 2
2 3
2 4
2 5
2 7
2 9
2 10
2 12
2 14
2 16
3 10
3 12
3 14
3 16
4 1
4 2
4 3
4 6
4 8
4 12
4 16
5 5
5 6
5 8
5 10
5 12
5 13
5 14
5 15
5 16
6 2
6 3
6 5
6 8
6 10
6 16
7 3
7 5
7 7
7 8
7 10
7 11
7 12
7 13
7 14
8 1
8 3
8 5
8 13
8 17
9 3 
9 7
9 11
9 13
9 15
10 2
10 3
10 5
10 7
10 11
10 15
10 16
11 5
11 7
11 8
11 9
11 10
11 11
11 13
12 1
12 2
12 3
12 5
12 13
12 15
12 16
13 5
13 6
13 7
13 9
13 10
13 11
13 13
14 2
14 3
14 9
14 15
14 17
15 3
15 5
15 6
15 7
15 8
15 9
15 11
15 12
15 13
15 15
16 1
16 3
16 5
16 9
16 13
16 15
16 16
17 7
17 11